beta=1
L=50
Kt=100
Kb=100
phi,theta,Rx,Ry,Rz,ux,uy,uz,vx,vy,vz
0,0,0,0,0,0.476199,-0.15251,0.866011,0.400374,0.914443,-0.0591172
0.0509338,0.0698532,0.476199,-0.15251,0.866011,0.663494,0.589514,0.460705,-0.157818,0.712186,-0.684021
-0.0295616,-0.114204,1.13969,0.437004,1.32672,0.454777,-0.134824,0.880341,0.437748,0.89467,-0.0891186
-0.0759992,-0.0129197,1.59447,0.30218,2.20706,0.616275,0.616532,0.489994,-0.0188306,0.633548,-0.773475
-0.322687,-0.133053,2.21074,0.918712,2.69705,0.319507,-0.00769947,0.947553,0.692644,0.684297,-0.227994
-0.176982,-0.0371393,2.53025,0.911013,3.6446,0.716439,0.556096,0.421275,0.298511,0.301429,-0.905556
-0.0199665,0.0351498,3.24669,1.46711,4.06588,0.24038,0.0879864,0.966683,0.757077,0.606276,-0.243441
-0.0744289,-0.0265077,3.48707,1.55509,5.03256,0.72389,0.547859,0.419325,0.334005,0.253524,-0.907836
0.00983438,-0.00911217,4.21096,2.10295,5.45189,0.19041,0.154959,0.969398,0.76679,0.593126,-0.245426
-0.116103,0.0842299,4.40137,2.25791,6.42128,0.761164,0.488,0.427183,0.40334,0.159616,-0.901021
-0.0681465,-0.064559,5.16253,2.74591,6.84847,0.136241,0.240022,0.96116,0.877987,0.420151,-0.229372
0.10423,-0.0936798,5.29878,2.98594,7.80963,0.717656,0.556136,0.419145,0.396488,0.168506,-0.902443
0.00311857,0.0785418,6.01643,3.54207,8.22877,0.802267,0.415525,-0.42861,-0.309989,-0.323615,-0.893969
0.0693968,-0.159545,6.8187,3.9576,7.80016,0.188786,0.1504,-0.970433,-0.851967,-0.466369,-0.238018
-0.172042,0.025069,7.00748,4.108,6.82973,0.794396,0.436173,-0.422715,-0.300089,-0.323238,-0.897476
-0.101664,-0.170128,7.80188,4.54417,6.40701,0.160064,0.155085,-0.974848,-0.748456,-0.62482,-0.222292
0.114342,0.175541,7.96194,4.69925,5.43217,0.776659,0.436015,-0.454635,-0.41779,-0.183602,-0.889799
0.00494347,0.0858894,8.7386,5.13527,4.97753,0.203552,0.0554534,-0.977492,-0.868821,-0.450031,-0.206453
-0.0745497,-0.0819316,8.94216,5.19072,4.00004,0.761401,0.454624,-0.462153,-0.35388,-0.305835,-0.883874
-0.0961409,0.0153426,9.70356,5.64535,3.53789,0.213619,0.036449,-0.976237,-0.758522,-0.623558,-0.18926
-0.0379731,-0.0439499,9.91718,5.68179,2.56165,0.69567,0.540722,-0.47293,-0.287744,-0.393476,-0.873144
0.0293097,0.242634,10.6128,6.22252,2.08872,0.3609,-0.149771,-0.9205,-0.740699,-0.645767,-0.185335
0.0516403,-0.06522,10.9737,6.07275,1.16822,0.764788,0.457224,-0.453922,-0.214668,-0.483446,-0.848645
0.0879642,0.145415,11.7385,6.52997,0.714297,0.389547,-0.203183,-0.898315,-0.779993,-0.591443,-0.204464
-0.0630106,-0.197432,12.1281,6.32679,-0.184018,0.73658,0.471537,-0.484874,-0.156918,-0.578195,-0.800667
-0.0382156,-0.171968,12.8647,6.79832,-0.668892,0.219672,-0.0412616,-0.974701,-0.645556,-0.755229,-0.113521
-0.0347152,0.220265,13.0843,6.75706,-1.64359,0.785975,0.40841,-0.46416,-0.210015,-0.529746,-0.821744
0.0817171,-0.0138369,13.8703,7.16547,-2.10775,0.324206,-0.143669,-0.935013,-0.78797,-0.587926,-0.182883
0.0446148,-0.0297026,14.1945,7.0218,-3.04277,0.80083,0.390585,-0.453998,-0.267033,-0.445662,-0.854446
0.0612981,-0.0531993,14.9953,7.41239,-3.49676,0.270159,-0.0557455,-0.961201,-0.821766,-0.533564,-0.200025
-0.052389,0.0711815,15.2655,7.35664,-4.45796,0.843379,0.320088,-0.431574,-0.280507,-0.422777,-0.861728
-0.1481,-0.0801958,16.1089,7.67673,-4.88954,0.265609,-0.0656232,-0.961845,-0.755225,-0.634286,-0.165277
0.130576,-0.0630585,16.3745,7.61111,-5.85138,0.71734,0.50256,-0.482552,-0.344597,-0.346037,-0.872646
0.0761426,-0.00784157,17.0918,8.11367,-6.33394,0.179356,0.0539055,-0.982306,-0.818159,-0.546301,-0.179364
0.100415,-0.0484021,17.2712,8.16757,-7.31624,-0.545469,-0.348066,-0.762439,-0.705739,-0.299957,0.64184
-0.00645763,0.118457,16.7257,7.81951,-8.07868,0.25784,-0.0906462,-0.961926,-0.865108,-0.464993,-0.18807
-0.0236774,0.0698524,16.9836,7.72886,-9.04061,-0.477556,-0.478474,-0.736887,-0.734414,-0.242972,0.633719
-0.22345,0.0588659,16.506,7.25038,-9.77749,0.308274,-0.153663,-0.938805,-0.705728,-0.698691,-0.117378
-0.0923541,0.0460889,16.8143,7.09672,-10.7163,-0.321905,-0.669703,-0.669235,-0.621961,-0.383356,0.68279
0.14112,-0.0184981,16.4924,6.42702,-11.3855,0.269322,-0.109884,-0.956761,-0.735603,-0.664679,-0.130729
0.0390979,0.0137513,16.7617,6.31714,-12.3423,-0.393963,-0.595983,-0.699712,-0.696015,-0.30376,0.65061
-0.0571702,-0.287376,16.3677,5.72115,-13.042,0.0990408,0.0664465,-0.992862,-0.708667,-0.695732,-0.117253
0.102751,-0.0457025,16.4668,5.7876,-14.0349,-0.517195,-0.463551,-0.719465,-0.591841,-0.413535,0.691891
0.0470254,0.206681,15.9496,5.32405,-14.7543,0.250866,-0.137599,-0.958193,-0.8026,-0.582969,-0.126414
-0.0179188,-0.170716,16.2004,5.18645,-15.7125,-0.55315,-0.396575,-0.732634,-0.690242,-0.274246,0.669593
0.0609306,-0.0848508,15.6473,4.78987,-16.4452,0.152634,0.0402777,-0.987462,-0.891063,-0.426546,-0.155132
0.109124,0.0507196,15.7999,4.83015,-17.4326,-0.577873,-0.352939,-0.735865,-0.721894,-0.199547,0.662609
-0.106632,-0.121024,15.2221,4.47721,-18.1685,0.138598,0.0380518,-0.989617,-0.857745,-0.494883,-0.139158
0.218361,0.223327,15.3607,4.51526,-19.1581,-0.489013,-0.555757,-0.67231,-0.739372,-0.144852,0.657531
-0.111186,0.0380877,14.8716,3.95951,-19.8304,0.287746,-0.265776,-0.92009,-0.788764,-0.610665,-0.0702802
